PV GEN {
1: [1, 41],
 2: [2, 3, 5, 15, 26, 33, 36, 39, 43, 46, 51, 57, 61, 72, 80, 83, 84, 95, 103, 104, 112, 113, 121, 128, 131, 133, 141, 142, 146, 150, 153, 164, 178, 187, 188, 191, 196, 199, 204, 208, 212, 214, 219, 233, 237, 238, 244, 245, 248, 249],
 6: [6, 8, 53, 116, 124, 156],
 7: [7, 48, 52, 115, 130, 137, 163, 166, 174, 181, 182, 218],
 9: [9, 13, 65, 109, 132, 145, 148, 180, 186, 213, 223],
 10: [10, 44, 62, 64, 96, 127, 159, 160, 169, 170, 227],
 11: [11, 35, 54, 76, 100, 105, 107, 138, 161, 171, 176],
 16: [16, 20, 22, 27, 55, 75, 123, 134, 140, 205, 224],
 17: [17, 19, 42, 108, 139, 168, 192, 195, 225, 241],
 18: [18, 25],
 21: [21, 24, 28, 73, 126, 157, 175, 203, 215, 235, 250],
 29: [29, 91, 99, 111, 120, 122, 135, 167, 198, 201],
 31: [31, 68, 101, 117, 143, 144, 165, 185, 194, 200, 217],
 32: [32, 106, 119, 155, 172, 183, 189, 193, 202, 246],
 38: [38, 47, 87, 118, 125, 129, 158, 184, 230, 236, 239],
 40: [40, 147, 149, 151, 177],
 45: [45, 50],
 56: [56, 60],
 58: [58, 81],
 59: [59, 82, 90],
 67: [67, 74],
 70: [70, 97],
 71: [71, 86],
 77: [77, 94],
 78: [78, 98],
 85: [85, 88, 89],
 110: [110, 136, 173, 179, 190, 197, 221, 226, 231, 234],
 152: [152, 154],
 209: [209, 242, 247],
 210: [210, 222],
 216: [216, 232],
 220: [220, 228, 240],
 229: [229, 243]}