BASE LOAD FOLDS {
    'fold_1': {
        1: [1, 5, 15, 18, 23, 25, 26, 30, 33, 34, 37, 41, 45, 46, 49, 50],
        106: [106, 107, 109, 110, 111, 116, 120, 122, 128, 129, 132, 140, 142, 143, 147, 148],
        8: [8, 13, 17, 19, 21, 24, 27, 31, 35, 36, 38, 39, 44],
        2: [2, 3, 4, 12, 14]},
    'fold_2': {6: [6, 7, 9, 10, 11, 16, 20, 22, 28, 29, 32, 40, 42, 43, 47, 48],
        151: [151, 155, 165, 168, 173, 175, 176, 180, 183, 184, 187, 191, 195, 196, 199, 200],
        58: [58, 63, 67, 69, 71, 74, 77, 81, 85, 86, 88, 89, 94],
        52: [52, 53, 54, 62, 64]},
    'fold_3': {
        51: [51, 55, 65, 68, 73, 75, 76, 80, 83, 84, 87, 91, 95, 96, 99, 100],
        156: [156, 157,159, 160, 161, 166, 170, 172, 178, 179, 182, 190, 192, 193, 197, 198],
        108: [108, 113, 117, 119, 121, 124, 127, 131, 135, 136, 138, 139, 144],
        102: [102, 103, 104, 112, 114]},
    'fold_4': {
        56: [56, 57, 59, 60, 61, 66, 70, 72, 78, 79, 82, 90, 92, 93, 97, 98],
        201: [201, 205, 215, 218, 223, 225, 226, 230, 233, 234, 237, 241, 245, 246, 249, 250],
        158: [158, 163, 167, 169, 171, 174, 177, 181, 185, 186, 188, 189, 194],
        152: [152, 153, 154, 162, 164]},
    'fold_5': {
        101: [101, 105, 115, 118, 123, 125, 126, 130, 133, 134, 137, 141, 145, 146, 149, 150],
        206: [206, 207, 209, 210, 211, 216, 220, 222, 228, 229, 232, 240, 242, 243, 247, 248],
        208: [208, 213, 217, 219, 221, 224, 227, 231, 235, 236, 238, 239, 244],
        202: [202, 203, 204, 212, 214]}}