PV GEN FOLDS {
    'fold_1': {
        7: [7, 48, 52, 115, 130, 137, 163, 166, 174, 181, 182, 218],
        21: [21, 24, 28, 73, 126, 157, 175, 203, 215, 235, 250],
        32: [32,106, 119, 155, 172, 183, 189, 193, 202, 246],
        85: [85, 88, 89],
        45: [45, 50],
        71: [71, 86],
        216: [216, 232],
        23: [23],
        63: [63],
        93: [93],
        207: [207]},
    'fold_2': {
        9: [9, 13, 65, 109, 132, 145, 148, 180, 186, 213, 223],
        31: [31, 68, 101, 117, 143, 144, 165, 185, 194, 200, 217],
        110: [110, 136, 173, 179,190, 197, 221, 226, 231, 234],
        209: [209, 242, 247],
        56: [56, 60],
        77: [77, 94],
        229: [229, 243],
        30: [30],
        66: [66],
        102: [102],
        211: [211]},
    'fold_3': {
        10: [10, 44, 62, 64, 96, 127, 159, 160, 169, 170, 227],
        38: [38, 47, 87, 118, 125, 129, 158, 184, 230, 236, 239],
        6: [6, 8, 53, 116, 124, 156],
        220: [220, 228, 240],
        58: [58, 81],
        78: [78, 98],
        4: [4],
        34: [34],
        69: [69],
        114: [114]},
    'fold_4': {
        11: [11, 35, 54, 76, 100, 105, 107, 138, 161, 171, 176],
        17: [17, 19, 42, 108, 139, 168, 192, 195, 225, 241],
        40: [40, 147, 149, 151, 177],
        1: [1, 41],
        67: [67, 74],
        152: [152, 154],
        12: [12],
        37: [37],
        79: [79],
        162: [162]},
    'fold_5': {
        16: [16, 20, 22, 27, 55, 75, 123, 134, 140, 205, 224],
        29: [29, 91, 99, 111, 120, 122, 135, 167, 198, 201],
        59: [59, 82, 90],
        18: [18, 25],
        70: [70, 97],
        210: [210, 222],
        14: [14],
        49: [49],
        92: [92],
        206: [206]}}