extra profiles
[
2, 3, 4, 5, 6, 7, 8, 9, 10, 11, 13, 14, 15, 16, 18, 19, 20, 21, 22, 23, 24, 25, 26,
28, 29, 30, 31, 32, 33, 34, 35, 36, 37, 38, 39, 40, 41, 43, 44, 45, 46, 47, 48, 50,
51, 53, 54, 55, 56, 57, 58, 59, 60, 61, 62, 63, 64, 65, 66, 67, 69, 70, 71, 72, 73,
74, 75, 76, 77, 78, 79, 80, 81, 82, 83, 84, 86, 87, 88, 90, 91, 93, 94, 95, 96, 97,
98, 99, 100, 101, 102, 103, 104, 105, 106, 108, 109, 111, 112, 113, 115, 116, 117,
119, 120, 121, 122, 123, 125, 126, 127, 128, 129, 130, 132, 133, 134, 135, 136, 137,
138, 139, 140, 141, 142, 143, 144, 145, 146, 147, 148, 150, 151, 152, 154, 155, 156,
157, 158, 160, 161, 162, 163, 164, 165, 166, 168, 169, 170, 171, 173, 174, 175, 176,
177, 178, 179, 180, 181, 183, 184, 185, 186, 187, 188, 190, 191, 192, 193, 194, 195,
196, 197, 198, 200, 201, 203, 204, 206, 207, 209, 210, 211, 212, 213, 214, 216, 217,
218, 219, 220, 221, 222, 223, 224, 225, 226, 227, 228, 230, 231, 232, 234, 235, 237,
239, 240, 241, 242, 243, 244, 245, 246, 248, 250]

equality groups
{5: [5, 49], 7: [7, 107, 247], 17: [17, 167], 18: [18, 236], 32: [32, 233], 47: [47, 124],
51: [51, 172], 52: [52,205], 54: [54, 89], 87: [87, 208], 104: [104, 189], 105: [105, 149],
144: [144, 182], 222: [222, 249]}


id_selection
[1, 12, 27, 42, 52, 68, 85, 92, 110, 114, 118, 131, 153, 159, 167, 199, 202, 215, 229, 238]


looks good